node0[1][5](476;585,54)
node1[2][2](175;19,54)
node2[3][2](56;21,54)
node3[4][5](638;12,54)
node4[5][6](164;138,54)
node5[6][4](334;512,54)
node6[7][3](275;12,54)
node7[8][3](339;412,54)
node8[9][2](629;117,54)
node9[10][4](553;114,54)
node10[11][3](465;13,54)
node11[12][4](411;13,54)
node12[13][3](408;362,54)
node13[14][4](737;13,54)
node14[15][7](196;565,54)
node15[16][2](541;12,54)
node16[17][7](265;562,54)
node17[18][7](380;251,54)
node18[19][7](577;543,54)
node19[20][6](415;117,54)

edge0[34](2;5)
edge1[28](7;5)
edge2[18](8;0)
edge3[11](3;8)
edge4[9](17;18)
edge5[9](6;4)
edge6[10](17;12)
edge7[8](9;17)
edge8[8](5;0)
edge9[6](10;12)
edge10[7](11;19)
edge11[31](3;9)
edge12[4](12;5)
edge13[3](1;17)
edge14[2](1;4)
edge15[1](15;12)
edge16[1](7;14)
edge17[1](4;14)
edge18[1](1;16)
edge19[1](19;16)
edge20[1](13;0)
edge21[3](15;9)
edge22[1](12;7)
edge23[3](19;17)
